Spectrometer
Copyright © Kvant 2008. All rights reserved.

Date: giovedì 13 gennaio 2022 15:30:01
Source image name: Spectrometer device.bmp
Source image [pixels]: 1280 x 1024
Source image processed height [pixels]: 40
Source image processed [position pixel range]: 512 - 552

Description: 
Spectrum range [nm]: 365,5 - 916,7

Chart points:

Wave Length [nm]		Intensity

365,5			000,0
365,9			000,3
366,4			000,3
366,8			000,0
367,3			000,0
367,7			000,0
368,2			000,0
368,6			000,3
369,0			000,1
369,5			000,1
369,9			000,0
370,4			000,0
370,8			000,0
371,2			000,0
371,7			000,0
372,1			000,0
372,6			000,0
373,0			000,0
373,4			000,0
373,9			000,0
374,3			000,0
374,8			000,0
375,2			000,0
375,6			000,0
376,1			000,0
376,5			000,2
377,0			000,0
377,4			000,0
377,9			000,4
378,3			000,0
378,7			000,0
379,2			000,0
379,6			000,0
380,1			000,0
380,5			000,0
380,9			000,0
381,4			000,0
381,8			000,0
382,3			000,0
382,7			000,0
383,1			000,1
383,6			000,2
384,0			000,1
384,5			000,0
384,9			000,0
385,3			000,0
385,8			000,0
386,2			000,0
386,7			000,2
387,1			000,0
387,5			000,0
388,0			000,0
388,4			000,0
388,9			000,0
389,3			000,4
389,7			000,0
390,2			000,0
390,6			000,0
391,1			000,0
391,5			000,0
391,9			000,1
392,4			000,1
392,8			000,0
393,3			000,0
393,7			000,0
394,1			000,0
394,6			000,0
395,0			000,0
395,5			000,0
395,9			000,0
396,3			000,0
396,8			000,0
397,2			000,0
397,7			000,0
398,1			000,0
398,5			000,0
399,0			000,1
399,4			000,1
399,9			000,2
400,3			000,2
400,7			000,5
401,2			000,6
401,6			000,8
402,1			000,8
402,5			000,9
402,9			001,2
403,4			000,7
403,8			000,7
404,3			000,7
404,7			000,7
405,1			001,3
405,6			001,2
406,0			001,2
406,5			001,2
406,9			001,7
407,3			001,8
407,8			002,5
408,2			002,5
408,7			002,7
409,1			002,7
409,5			001,7
410,0			001,7
410,4			000,8
410,8			000,7
411,3			000,4
411,7			000,4
412,2			000,7
412,6			000,7
413,0			000,9
413,5			000,9
413,9			001,1
414,4			001,1
414,8			001,1
415,2			001,2
415,7			001,7
416,1			001,8
416,6			001,7
417,0			001,8
417,4			001,6
417,9			001,6
418,3			001,4
418,8			001,5
419,2			002,1
419,6			001,5
420,1			001,3
420,5			001,3
421,0			001,3
421,4			001,4
421,8			001,4
422,3			001,5
422,7			001,4
423,1			001,3
423,6			001,2
424,0			001,2
424,5			001,5
424,9			001,5
425,3			001,0
425,8			001,0
426,2			001,1
426,7			001,1
427,1			001,0
427,5			001,1
428,0			001,3
428,4			001,3
428,9			001,6
429,3			001,7
429,7			001,9
430,2			002,0
430,6			002,5
431,0			002,5
431,5			002,7
431,9			002,8
432,4			003,2
432,8			003,2
433,2			003,3
433,7			003,4
434,1			003,8
434,6			003,8
435,0			004,2
435,4			004,2
435,9			004,0
436,3			003,9
436,7			003,3
437,2			003,6
437,6			002,7
438,1			002,6
438,5			002,5
438,9			002,4
439,4			002,1
439,8			002,0
440,3			001,9
440,7			001,9
441,1			002,2
441,6			002,6
442,0			002,5
442,4			002,5
442,9			002,6
443,3			002,6
443,8			003,0
444,2			003,0
444,6			003,5
445,1			003,5
445,5			004,6
446,0			004,8
446,4			006,6
446,8			006,9
447,3			008,3
447,7			008,0
448,1			008,2
448,6			007,3
449,0			006,0
449,5			005,5
449,9			004,1
450,3			004,1
450,8			003,7
451,2			003,7
451,6			003,5
452,1			003,5
452,5			003,3
453,0			003,3
453,4			003,1
453,8			003,2
454,3			002,9
454,7			002,9
455,1			002,8
455,6			002,8
456,0			002,6
456,5			002,6
456,9			002,8
457,3			002,8
457,8			002,8
458,2			002,5
458,7			002,2
459,1			002,2
459,5			002,1
460,0			002,5
460,4			001,9
460,8			002,0
461,3			002,3
461,7			002,4
462,2			002,9
462,6			003,0
463,0			003,4
463,5			003,1
463,9			003,4
464,3			003,5
464,8			003,7
465,2			003,8
465,7			004,0
466,1			004,0
466,5			003,6
467,0			003,6
467,4			003,5
467,8			003,5
468,3			003,4
468,7			003,5
469,2			003,4
469,6			003,4
470,0			003,4
470,5			003,5
470,9			003,6
471,3			003,8
471,8			003,5
472,2			003,6
472,6			003,7
473,1			003,6
473,5			003,5
474,0			003,5
474,4			003,7
474,8			003,7
475,3			004,3
475,7			004,6
476,1			005,3
476,6			006,9
477,0			009,5
477,5			012,3
477,9			017,4
478,3			020,2
478,8			025,3
479,2			027,6
479,6			031,9
480,1			028,6
480,5			026,9
481,0			022,6
481,4			014,9
481,8			012,9
482,3			006,7
482,7			006,1
483,1			004,7
483,6			004,8
484,0			005,3
484,4			006,4
484,9			006,3
485,3			006,4
485,8			006,9
486,2			006,9
486,6			006,6
487,1			007,1
487,5			006,5
487,9			006,7
488,4			006,1
488,8			005,7
489,2			005,1
489,7			005,1
490,1			005,1
490,6			005,9
491,0			005,2
491,4			004,8
491,9			005,0
492,3			005,5
492,7			005,8
493,2			006,2
493,6			006,0
494,1			006,4
494,5			006,7
494,9			006,8
495,4			006,8
495,8			007,2
496,2			007,1
496,7			007,0
497,1			006,8
497,5			006,8
498,0			006,4
498,4			006,3
498,9			006,1
499,3			005,7
499,7			006,6
500,2			007,5
500,6			008,4
501,0			009,4
501,5			010,0
501,9			010,8
502,3			012,3
502,8			013,2
503,2			012,7
503,6			013,0
504,1			014,3
504,5			013,5
505,0			012,9
505,4			012,5
505,8			012,1
506,3			011,4
506,7			010,6
507,1			010,4
507,6			010,0
508,0			009,9
508,4			011,3
508,9			011,4
509,3			012,6
509,8			014,0
510,2			016,3
510,6			017,2
511,1			018,7
511,5			019,4
511,9			021,9
512,4			023,2
512,8			026,4
513,2			029,0
513,7			033,8
514,1			037,1
514,5			043,6
515,0			047,2
515,4			052,8
515,9			053,4
516,3			054,7
516,7			046,4
517,2			041,6
517,6			034,0
518,0			027,5
518,5			022,0
518,9			016,5
519,3			015,5
519,8			013,4
520,2			013,5
520,6			013,3
521,1			013,9
521,5			015,2
521,9			015,1
522,4			015,4
522,8			015,2
523,3			015,3
523,7			015,5
524,1			015,7
524,6			014,8
525,0			014,5
525,4			013,9
525,9			013,0
526,3			012,8
526,7			012,6
527,2			012,3
527,6			012,5
528,0			012,9
528,5			013,4
528,9			013,8
529,3			014,1
529,8			014,6
530,2			014,6
530,7			014,6
531,1			015,0
531,5			014,7
532,0			013,9
532,4			014,0
532,8			013,6
533,3			013,5
533,7			013,5
534,1			013,2
534,6			012,4
535,0			012,3
535,4			012,6
535,9			012,0
536,3			011,5
536,7			011,1
537,2			011,0
537,6			010,2
538,0			009,9
538,5			009,7
538,9			009,6
539,4			009,6
539,8			009,0
540,2			009,0
540,7			008,6
541,1			008,6
541,5			008,9
542,0			008,8
542,4			008,6
542,8			009,3
543,3			009,2
543,7			009,3
544,1			009,0
544,6			008,6
545,0			008,6
545,4			008,7
545,9			009,1
546,3			008,3
546,7			008,1
547,2			008,2
547,6			008,5
548,0			009,4
548,5			010,1
548,9			010,0
549,3			010,7
549,8			011,4
550,2			012,1
550,6			013,1
551,1			013,9
551,5			014,5
552,0			015,8
552,4			016,7
552,8			017,7
553,3			018,8
553,7			020,4
554,1			021,8
554,6			025,0
555,0			027,1
555,4			030,2
555,9			033,2
556,3			036,7
556,7			037,5
557,2			037,7
557,6			033,9
558,0			028,8
558,5			026,6
558,9			021,4
559,3			019,6
559,8			014,8
560,2			013,4
560,6			010,4
561,1			009,7
561,5			009,1
561,9			009,1
562,4			009,3
562,8			009,7
563,2			010,6
563,7			010,8
564,1			011,4
564,5			011,9
565,0			012,6
565,4			011,6
565,8			011,2
566,3			010,9
566,7			010,7
567,1			009,6
567,6			008,5
568,0			008,0
568,4			007,0
568,9			006,0
569,3			005,0
569,7			004,3
570,2			003,2
570,6			003,2
571,0			002,1
571,5			002,1
571,9			002,7
572,3			002,9
572,8			002,2
573,2			002,5
573,6			002,8
574,1			003,5
574,5			004,0
574,9			003,8
575,4			004,9
575,8			004,6
576,2			004,3
576,7			004,5
577,1			004,1
577,5			003,8
578,0			003,1
578,4			001,9
578,8			001,5
579,3			001,6
579,7			001,4
580,1			001,6
580,6			001,5
581,0			001,3
581,4			001,3
581,9			001,4
582,3			001,7
582,7			002,1
583,2			002,1
583,6			002,1
584,0			002,8
584,5			002,9
584,9			004,0
585,3			004,1
585,8			004,4
586,2			004,5
586,6			004,4
587,1			004,6
587,5			003,6
587,9			003,7
588,4			003,4
588,8			003,3
589,2			003,0
589,7			003,0
590,1			002,6
590,5			002,6
591,0			002,6
591,4			002,6
591,8			002,8
592,3			002,7
592,7			002,7
593,1			002,7
593,6			002,5
594,0			002,5
594,4			003,1
594,9			003,2
595,3			003,8
595,7			004,0
596,2			004,8
596,6			005,2
597,0			005,8
597,5			006,0
597,9			006,7
598,3			007,2
598,8			007,4
599,2			007,6
599,6			008,6
600,1			008,6
600,5			009,3
600,9			009,9
601,4			010,6
601,8			011,0
602,2			011,8
602,7			013,0
603,1			013,4
603,5			013,9
604,0			013,8
604,4			013,4
604,8			010,9
605,3			010,2
605,7			007,5
606,1			007,1
606,5			004,3
607,0			004,0
607,4			003,1
607,8			002,9
608,3			002,8
608,7			003,2
609,1			003,0
609,6			002,9
610,0			003,2
610,4			003,2
610,9			003,1
611,3			003,0
611,7			002,7
612,2			002,7
612,6			003,0
613,0			002,2
613,5			001,7
613,9			001,6
614,3			001,7
614,8			001,7
615,2			001,5
615,6			001,4
616,1			001,0
616,5			000,9
616,9			000,7
617,4			000,7
617,8			000,9
618,2			000,9
618,6			000,8
619,1			000,8
619,5			000,7
619,9			000,6
620,4			000,7
620,8			000,8
621,2			001,1
621,7			001,2
622,1			001,7
622,5			001,8
623,0			002,4
623,4			002,5
623,8			003,0
624,3			003,3
624,7			003,4
625,1			003,4
625,6			003,5
626,0			003,5
626,4			002,6
626,8			002,2
627,3			001,3
627,7			001,3
628,1			001,2
628,6			000,9
629,0			000,6
629,4			000,6
629,9			000,6
630,3			000,6
630,7			000,4
631,2			000,3
631,6			000,2
632,0			000,3
632,5			000,3
632,9			000,2
633,3			000,2
633,8			000,1
634,2			000,5
634,6			000,6
635,0			001,5
635,5			001,5
635,9			002,1
636,3			002,1
636,8			002,6
637,2			002,7
637,6			002,7
638,1			002,6
638,5			002,7
638,9			002,6
639,4			002,8
639,8			003,0
640,2			002,5
640,7			002,4
641,1			002,2
641,5			002,1
641,9			002,0
642,4			001,9
642,8			002,1
643,2			002,2
643,7			002,3
644,1			002,2
644,5			001,9
645,0			001,8
645,4			001,6
645,8			001,5
646,3			001,2
646,7			001,2
647,1			001,2
647,5			001,2
648,0			001,6
648,4			001,6
648,8			002,1
649,3			002,1
649,7			002,8
650,1			002,9
650,6			003,4
651,0			003,4
651,4			003,8
651,9			003,8
652,3			004,1
652,7			004,1
653,1			004,3
653,6			004,4
654,0			004,5
654,4			004,6
654,9			004,6
655,3			004,7
655,7			004,9
656,2			005,3
656,6			005,3
657,0			005,5
657,5			006,0
657,9			006,1
658,3			005,6
658,7			005,5
659,2			004,2
659,6			003,9
660,0			002,3
660,5			001,9
660,9			000,5
661,3			000,3
661,8			000,2
662,2			000,5
662,6			000,0
663,0			000,0
663,5			000,1
663,9			000,0
664,3			000,0
664,8			000,0
665,2			000,0
665,6			000,0
666,1			000,0
666,5			000,0
666,9			000,2
667,3			000,3
667,8			000,2
668,2			000,1
668,6			000,0
669,1			000,1
669,5			000,0
669,9			000,0
670,4			000,2
670,8			000,2
671,2			000,0
671,6			000,0
672,1			000,0
672,5			000,0
672,9			000,0
673,4			000,0
673,8			000,4
674,2			000,0
674,7			000,0
675,1			000,0
675,5			000,0
675,9			000,2
676,4			000,2
676,8			000,0
677,2			000,0
677,7			000,0
678,1			000,1
678,5			000,1
679,0			000,0
679,4			000,0
679,8			000,2
680,2			000,3
680,7			000,3
681,1			000,3
681,5			000,2
682,0			000,2
682,4			000,6
682,8			000,4
683,2			000,1
683,7			000,0
684,1			000,0
684,5			000,0
685,0			000,0
685,4			000,0
685,8			000,0
686,3			000,0
686,7			000,0
687,1			000,0
687,5			000,0
688,0			000,0
688,4			000,0
688,8			000,0
689,3			000,0
689,7			000,0
690,1			000,0
690,5			000,0
691,0			000,0
691,4			000,0
691,8			000,0
692,3			000,0
692,7			000,0
693,1			000,0
693,6			000,0
694,0			000,0
694,4			000,0
694,8			000,0
695,3			000,0
695,7			000,3
696,1			000,0
696,6			000,0
697,0			000,1
697,4			000,1
697,8			000,0
698,3			000,0
698,7			000,0
699,1			000,0
699,6			000,0
700,0			000,0
700,4			000,4
700,8			000,0
701,3			000,0
701,7			000,0
702,1			000,0
702,6			000,0
703,0			000,0
703,4			000,0
703,8			000,2
704,3			000,1
704,7			000,0
705,1			000,0
705,6			000,0
706,0			000,0
706,4			000,0
706,8			000,0
707,3			000,0
707,7			000,1
708,1			000,0
708,6			000,0
709,0			000,0
709,4			000,0
709,8			000,0
710,3			000,0
710,7			000,0
711,1			000,0
711,6			000,0
712,0			000,0
712,4			000,0
712,8			000,0
713,3			000,0
713,7			000,0
714,1			000,0
714,6			000,6
715,0			000,0
715,4			000,3
715,8			000,0
716,3			000,0
716,7			000,0
717,1			000,3
717,6			000,5
718,0			000,0
718,4			000,1
718,8			000,2
719,3			000,1
719,7			000,1
720,1			000,2
720,6			000,3
721,0			000,5
721,4			000,5
721,8			000,2
722,3			000,1
722,7			000,0
723,1			000,0
723,6			000,0
724,0			000,0
724,4			000,0
724,8			000,0
725,3			000,0
725,7			000,0
726,1			000,0
726,5			000,0
727,0			000,0
727,4			000,0
727,8			000,4
728,3			000,0
728,7			000,0
729,1			000,0
729,5			000,0
730,0			000,0
730,4			000,0
730,8			000,0
731,3			000,4
731,7			000,0
732,1			000,0
732,5			000,0
733,0			000,5
733,4			000,1
733,8			000,3
734,2			000,0
734,7			000,0
735,1			000,0
735,5			000,0
736,0			000,0
736,4			000,0
736,8			000,0
737,2			000,0
737,7			000,0
738,1			000,0
738,5			000,0
738,9			000,0
739,4			000,0
739,8			000,0
740,2			000,0
740,7			000,0
741,1			000,3
741,5			000,0
741,9			000,0
742,4			000,0
742,8			000,0
743,2			000,0
743,7			000,0
744,1			000,0
744,5			000,0
744,9			000,1
745,4			000,1
745,8			000,0
746,2			000,0
746,6			000,0
747,1			000,0
747,5			000,0
747,9			000,0
748,3			000,0
748,8			000,0
749,2			000,3
749,6			000,0
750,1			000,0
750,5			000,0
750,9			000,0
751,3			000,0
751,8			000,0
752,2			000,0
752,6			000,0
753,0			000,0
753,5			000,0
753,9			000,0
754,3			000,0
754,8			000,0
755,2			000,0
755,6			000,0
756,0			000,0
756,5			000,0
756,9			000,0
757,3			000,0
757,7			000,0
758,2			000,0
758,6			000,0
759,0			000,0
759,4			000,0
759,9			000,0
760,3			000,0
760,7			000,0
761,2			000,0
761,6			000,0
762,0			000,0
762,4			000,4
762,9			000,0
763,3			000,0
763,7			000,0
764,1			000,0
764,6			000,0
765,0			000,0
765,4			000,1
765,8			000,0
766,3			000,0
766,7			000,0
767,1			000,0
767,6			000,0
768,0			000,2
768,4			000,0
768,8			000,0
769,3			000,0
769,7			000,0
770,1			000,0
770,5			000,0
771,0			000,0
771,4			000,0
771,8			000,0
772,2			000,0
772,7			000,0
773,1			000,0
773,5			000,0
773,9			000,1
774,4			000,0
774,8			000,0
775,2			000,0
775,7			000,0
776,1			000,0
776,5			000,0
776,9			000,0
777,4			000,0
777,8			000,0
778,2			000,0
778,6			000,0
779,1			000,0
779,5			000,0
779,9			000,0
780,3			000,0
780,8			000,0
781,2			000,0
781,6			000,0
782,0			000,0
782,5			000,2
782,9			000,0
783,3			000,0
783,7			000,0
784,2			000,0
784,6			000,0
785,0			000,0
785,4			000,0
785,9			000,0
786,3			000,0
786,7			000,0
787,1			000,0
787,6			000,0
788,0			000,0
788,4			000,0
788,9			000,0
789,3			000,0
789,7			000,4
790,1			000,0
790,6			000,4
791,0			000,0
791,4			000,1
791,8			000,6
792,3			000,0
792,7			000,0
793,1			000,0
793,5			000,0
794,0			000,0
794,4			000,0
794,8			000,0
795,2			000,0
795,7			000,0
796,1			000,0
796,5			000,0
796,9			000,0
797,4			000,0
797,8			000,0
798,2			000,0
798,6			000,7
799,1			000,0
799,5			000,0
799,9			000,0
800,3			000,7
800,8			000,0
801,2			000,0
801,6			000,4
802,0			000,0
802,5			000,0
802,9			000,0
803,3			000,0
803,7			000,0
804,2			000,0
804,6			000,0
805,0			000,1
805,4			000,0
805,9			000,0
806,3			000,1
806,7			000,1
807,1			000,0
807,6			000,0
808,0			000,0
808,4			000,3
808,8			000,0
809,3			000,0
809,7			000,0
810,1			000,0
810,5			000,0
811,0			000,0
811,4			000,0
811,8			000,0
812,2			000,0
812,7			000,0
813,1			000,0
813,5			000,0
813,9			000,0
814,4			000,0
814,8			000,0
815,2			000,0
815,6			000,0
816,1			000,0
816,5			000,0
816,9			000,0
817,3			000,0
817,8			000,0
818,2			000,0
818,6			000,0
819,0			000,0
819,5			000,0
819,9			000,0
820,3			000,0
820,7			000,1
821,2			000,1
821,6			000,3
822,0			000,0
822,4			000,0
822,8			000,0
823,3			000,4
823,7			000,0
824,1			000,4
824,5			000,0
825,0			000,1
825,4			000,1
825,8			000,2
826,2			000,0
826,7			000,0
827,1			000,0
827,5			000,2
827,9			000,0
828,4			000,4
828,8			000,0
829,2			000,1
829,6			000,0
830,1			000,0
830,5			000,0
830,9			000,0
831,3			000,0
831,8			000,0
832,2			000,0
832,6			000,0
833,0			000,0
833,5			000,1
833,9			000,0
834,3			000,0
834,7			000,0
835,1			000,0
835,6			000,0
836,0			000,0
836,4			000,0
836,8			000,3
837,3			000,0
837,7			000,0
838,1			000,0
838,5			000,4
839,0			000,0
839,4			000,0
839,8			000,0
840,2			000,0
840,7			000,0
841,1			000,0
841,5			000,0
841,9			000,0
842,4			000,0
842,8			000,0
843,2			000,0
843,6			000,0
844,0			000,0
844,5			000,0
844,9			000,0
845,3			000,0
845,7			000,0
846,2			000,0
846,6			000,0
847,0			000,0
847,4			000,0
847,9			000,0
848,3			000,0
848,7			000,0
849,1			000,0
849,5			000,0
850,0			000,0
850,4			000,0
850,8			000,0
851,2			000,0
851,7			000,0
852,1			000,0
852,5			000,0
852,9			000,5
853,4			000,2
853,8			000,1
854,2			000,0
854,6			000,0
855,1			000,0
855,5			000,0
855,9			000,0
856,3			000,0
856,7			000,1
857,2			000,0
857,6			000,0
858,0			000,3
858,4			000,0
858,9			000,0
859,3			000,0
859,7			000,2
860,1			000,1
860,6			000,1
861,0			000,1
861,4			000,0
861,8			000,0
862,2			000,0
862,7			000,0
863,1			000,2
863,5			000,0
863,9			000,0
864,4			000,3
864,8			000,0
865,2			000,0
865,6			000,0
866,0			000,0
866,5			000,0
866,9			000,0
867,3			000,0
867,7			000,5
868,2			000,0
868,6			000,0
869,0			000,0
869,4			000,0
869,9			000,0
870,3			000,0
870,7			000,0
871,1			000,0
871,5			000,0
872,0			000,0
872,4			000,0
872,8			000,0
873,2			000,0
873,7			000,0
874,1			000,0
874,5			000,1
874,9			000,0
875,3			000,0
875,8			000,0
876,2			000,0
876,6			000,1
877,0			000,1
877,5			000,0
877,9			000,0
878,3			000,0
878,7			000,0
879,1			000,3
879,6			000,0
880,0			000,0
880,4			000,0
880,8			000,0
881,3			000,0
881,7			000,0
882,1			000,0
882,5			000,0
882,9			000,0
883,4			000,0
883,8			000,0
884,2			000,0
884,6			000,0
885,1			000,0
885,5			000,0
885,9			000,0
886,3			000,0
886,7			000,0
887,2			000,0
887,6			000,0
888,0			000,0
888,4			000,0
888,9			000,0
889,3			000,0
889,7			000,0
890,1			000,0
890,5			000,2
891,0			000,0
891,4			000,0
891,8			000,0
892,2			000,0
892,6			000,0
893,1			000,0
893,5			000,0
893,9			000,0
894,3			000,0
894,8			000,0
895,2			000,0
895,6			000,0
896,0			000,0
896,4			000,5
896,9			000,0
897,3			000,0
897,7			000,0
898,1			000,0
898,6			000,0
899,0			000,0
899,4			000,0
899,8			000,0
900,2			000,0
900,7			000,0
901,1			000,4
901,5			000,0
901,9			000,0
902,3			000,0
902,8			000,0
903,2			000,0
903,6			000,0
904,0			000,0
904,4			000,0
904,9			000,0
905,3			000,0
905,7			000,2
906,1			000,0
906,6			000,0
907,0			000,0
907,4			000,0
907,8			000,0
908,2			000,0
908,7			000,0
909,1			000,0
909,5			000,0
909,9			000,0
910,3			000,3
910,8			000,0
911,2			000,2
911,6			000,0
912,0			000,0
912,5			000,0
912,9			000,0
913,3			000,0
913,7			000,0
914,1			000,0
914,6			000,0
915,0			000,0
915,4			000,0
915,8			000,0
916,2			000,0
916,7			000,0
