Spectrometer
Copyright © Kvant 2008. All rights reserved.

Date: giovedì 13 gennaio 2022 14:26:35
Source image name: Spectrometer device.bmp
Source image [pixels]: 1280 x 1024
Source image processed height [pixels]: 20
Source image processed [position pixel range]: 512 - 532

Description: 
Spectrum range [nm]: 365,5 - 916,7

Chart points:

Wave Length [nm]		Intensity

365,5			000,0
365,9			000,2
366,4			000,0
366,8			000,0
367,3			000,8
367,7			000,0
368,2			000,0
368,6			000,0
369,0			000,0
369,5			000,0
369,9			000,0
370,4			000,0
370,8			000,0
371,2			000,0
371,7			000,0
372,1			000,6
372,6			000,0
373,0			000,0
373,4			000,0
373,9			000,0
374,3			000,0
374,8			000,0
375,2			000,0
375,6			000,0
376,1			000,0
376,5			000,8
377,0			000,0
377,4			000,0
377,9			000,8
378,3			000,3
378,7			000,0
379,2			000,0
379,6			000,0
380,1			000,0
380,5			000,0
380,9			000,0
381,4			000,0
381,8			000,0
382,3			000,0
382,7			000,0
383,1			000,0
383,6			000,1
384,0			000,0
384,5			000,0
384,9			000,0
385,3			000,0
385,8			000,0
386,2			000,0
386,7			000,0
387,1			000,0
387,5			000,0
388,0			000,0
388,4			000,0
388,9			000,0
389,3			000,0
389,7			000,0
390,2			000,0
390,6			000,0
391,1			000,0
391,5			000,0
391,9			000,0
392,4			000,0
392,8			000,0
393,3			000,0
393,7			000,0
394,1			000,0
394,6			000,0
395,0			000,0
395,5			000,0
395,9			000,0
396,3			000,0
396,8			000,0
397,2			000,0
397,7			000,0
398,1			000,0
398,5			000,0
399,0			000,0
399,4			000,0
399,9			000,0
400,3			000,0
400,7			000,0
401,2			000,0
401,6			000,0
402,1			000,0
402,5			000,0
402,9			000,0
403,4			000,0
403,8			000,0
404,3			000,0
404,7			000,0
405,1			000,0
405,6			000,0
406,0			000,0
406,5			000,0
406,9			000,0
407,3			000,0
407,8			000,0
408,2			000,0
408,7			000,0
409,1			000,0
409,5			000,0
410,0			000,0
410,4			000,0
410,8			000,0
411,3			000,0
411,7			000,0
412,2			000,0
412,6			000,0
413,0			000,0
413,5			000,0
413,9			000,0
414,4			000,0
414,8			000,0
415,2			000,1
415,7			000,0
416,1			000,0
416,6			000,0
417,0			000,0
417,4			000,0
417,9			000,0
418,3			000,0
418,8			000,0
419,2			000,6
419,6			000,0
420,1			000,0
420,5			000,0
421,0			000,6
421,4			000,0
421,8			000,0
422,3			000,0
422,7			000,0
423,1			000,0
423,6			000,0
424,0			000,0
424,5			000,0
424,9			000,0
425,3			000,0
425,8			000,0
426,2			000,0
426,7			000,0
427,1			000,0
427,5			000,0
428,0			000,0
428,4			000,0
428,9			000,0
429,3			000,0
429,7			000,0
430,2			000,0
430,6			000,0
431,0			000,1
431,5			000,0
431,9			000,0
432,4			000,0
432,8			000,0
433,2			000,0
433,7			000,0
434,1			000,0
434,6			000,0
435,0			000,0
435,4			000,0
435,9			000,5
436,3			000,3
436,7			000,0
437,2			000,0
437,6			000,1
438,1			000,1
438,5			000,0
438,9			000,0
439,4			000,1
439,8			000,1
440,3			000,0
440,7			000,0
441,1			000,0
441,6			000,0
442,0			000,0
442,4			000,0
442,9			000,0
443,3			000,0
443,8			000,0
444,2			000,0
444,6			000,0
445,1			000,0
445,5			000,0
446,0			000,0
446,4			000,0
446,8			000,0
447,3			000,0
447,7			000,0
448,1			000,0
448,6			000,0
449,0			000,0
449,5			000,0
449,9			000,0
450,3			000,0
450,8			000,0
451,2			000,0
451,6			000,6
452,1			000,4
452,5			000,0
453,0			000,0
453,4			000,0
453,8			000,0
454,3			000,0
454,7			000,0
455,1			000,0
455,6			000,0
456,0			000,0
456,5			000,0
456,9			000,0
457,3			000,0
457,8			000,0
458,2			000,0
458,7			000,0
459,1			000,0
459,5			000,0
460,0			000,0
460,4			000,0
460,8			000,0
461,3			000,0
461,7			000,0
462,2			000,0
462,6			000,0
463,0			000,0
463,5			000,0
463,9			000,0
464,3			000,0
464,8			000,0
465,2			000,0
465,7			000,0
466,1			000,0
466,5			000,0
467,0			000,0
467,4			000,0
467,8			000,0
468,3			000,0
468,7			000,0
469,2			000,0
469,6			000,0
470,0			000,0
470,5			000,0
470,9			000,0
471,3			000,0
471,8			000,0
472,2			000,0
472,6			000,0
473,1			000,0
473,5			000,0
474,0			000,0
474,4			000,0
474,8			000,0
475,3			000,0
475,7			000,0
476,1			000,0
476,6			000,0
477,0			000,0
477,5			000,0
477,9			000,0
478,3			000,0
478,8			000,0
479,2			000,0
479,6			000,0
480,1			000,0
480,5			000,0
481,0			000,0
481,4			000,0
481,8			000,0
482,3			000,0
482,7			000,0
483,1			000,0
483,6			000,0
484,0			000,0
484,4			000,6
484,9			000,0
485,3			000,0
485,8			000,0
486,2			000,0
486,6			000,0
487,1			000,0
487,5			000,0
487,9			000,0
488,4			000,0
488,8			000,0
489,2			000,0
489,7			000,0
490,1			000,0
490,6			000,0
491,0			000,0
491,4			000,0
491,9			000,0
492,3			000,0
492,7			000,0
493,2			000,0
493,6			000,0
494,1			000,0
494,5			000,0
494,9			000,0
495,4			000,0
495,8			000,0
496,2			000,0
496,7			000,0
497,1			000,0
497,5			000,0
498,0			000,0
498,4			000,0
498,9			000,0
499,3			000,0
499,7			000,0
500,2			000,0
500,6			000,0
501,0			000,9
501,5			000,0
501,9			000,0
502,3			000,0
502,8			000,0
503,2			000,0
503,6			000,0
504,1			000,7
504,5			000,0
505,0			000,0
505,4			000,0
505,8			000,0
506,3			000,0
506,7			000,0
507,1			000,0
507,6			000,0
508,0			000,0
508,4			000,0
508,9			000,0
509,3			000,0
509,8			000,0
510,2			000,0
510,6			000,0
511,1			000,0
511,5			000,0
511,9			000,0
512,4			000,0
512,8			000,0
513,2			000,0
513,7			000,0
514,1			000,0
514,5			000,0
515,0			000,0
515,4			000,0
515,9			000,0
516,3			000,0
516,7			000,0
517,2			000,0
517,6			000,0
518,0			000,0
518,5			000,9
518,9			000,0
519,3			000,0
519,8			000,0
520,2			000,0
520,6			000,0
521,1			000,2
521,5			000,0
521,9			000,0
522,4			000,0
522,8			000,0
523,3			000,0
523,7			000,0
524,1			000,0
524,6			000,0
525,0			000,0
525,4			000,0
525,9			000,0
526,3			000,1
526,7			000,0
527,2			000,0
527,6			000,0
528,0			000,0
528,5			000,0
528,9			000,0
529,3			000,0
529,8			000,0
530,2			000,0
530,7			000,0
531,1			000,0
531,5			000,0
532,0			000,0
532,4			000,0
532,8			000,0
533,3			000,0
533,7			000,0
534,1			000,0
534,6			000,0
535,0			000,0
535,4			000,0
535,9			000,0
536,3			000,0
536,7			000,0
537,2			000,0
537,6			000,0
538,0			000,0
538,5			000,0
538,9			000,0
539,4			000,0
539,8			000,0
540,2			000,0
540,7			000,0
541,1			000,0
541,5			000,0
542,0			000,0
542,4			000,0
542,8			000,0
543,3			000,0
543,7			000,0
544,1			000,0
544,6			000,0
545,0			000,0
545,4			000,0
545,9			000,0
546,3			000,0
546,7			000,0
547,2			000,0
547,6			000,0
548,0			000,0
548,5			000,0
548,9			000,7
549,3			000,0
549,8			000,1
550,2			000,1
550,6			000,1
551,1			000,0
551,5			000,0
552,0			000,0
552,4			000,0
552,8			000,0
553,3			000,0
553,7			000,0
554,1			000,0
554,6			000,0
555,0			000,0
555,4			000,0
555,9			000,0
556,3			000,0
556,7			000,0
557,2			000,0
557,6			000,0
558,0			000,0
558,5			000,0
558,9			000,0
559,3			000,0
559,8			000,0
560,2			000,0
560,6			000,0
561,1			000,0
561,5			000,0
561,9			000,0
562,4			000,0
562,8			000,0
563,2			000,0
563,7			000,0
564,1			000,0
564,5			000,0
565,0			000,6
565,4			000,0
565,8			000,0
566,3			000,0
566,7			000,0
567,1			000,6
567,6			000,0
568,0			000,0
568,4			000,0
568,9			000,0
569,3			000,0
569,7			000,0
570,2			000,0
570,6			000,0
571,0			000,0
571,5			000,0
571,9			000,0
572,3			000,0
572,8			000,0
573,2			000,0
573,6			000,0
574,1			000,0
574,5			000,0
574,9			000,0
575,4			000,0
575,8			000,0
576,2			000,0
576,7			000,0
577,1			000,0
577,5			000,0
578,0			000,0
578,4			000,0
578,8			000,0
579,3			000,0
579,7			000,0
580,1			000,1
580,6			000,1
581,0			000,0
581,4			000,0
581,9			000,0
582,3			000,0
582,7			000,0
583,2			000,0
583,6			000,0
584,0			000,0
584,5			000,0
584,9			000,0
585,3			000,0
585,8			000,0
586,2			000,0
586,6			000,0
587,1			000,0
587,5			000,0
587,9			000,1
588,4			000,2
588,8			000,2
589,2			000,1
589,7			000,1
590,1			000,1
590,5			000,0
591,0			000,5
591,4			000,8
591,8			001,5
592,3			001,4
592,7			001,8
593,1			001,9
593,6			002,3
594,0			002,5
594,4			003,6
594,9			003,8
595,3			004,1
595,7			004,3
596,2			004,6
596,6			004,7
597,0			004,9
597,5			005,2
597,9			005,8
598,3			007,3
598,8			006,7
599,2			006,7
599,6			007,2
600,1			007,5
600,5			007,9
600,9			008,0
601,4			008,7
601,8			009,0
602,2			009,0
602,7			009,1
603,1			009,3
603,5			009,3
604,0			009,6
604,4			009,9
604,8			009,7
605,3			010,8
605,7			010,9
606,1			011,3
606,5			011,8
607,0			011,4
607,4			011,7
607,8			013,0
608,3			012,9
608,7			013,4
609,1			013,5
609,6			013,9
610,0			014,0
610,4			014,1
610,9			014,2
611,3			014,0
611,7			014,2
612,2			014,9
612,6			016,1
613,0			015,2
613,5			015,8
613,9			016,0
614,3			015,7
614,8			016,1
615,2			016,4
615,6			016,8
616,1			017,5
616,5			019,1
616,9			017,5
617,4			017,7
617,8			018,0
618,2			018,6
618,6			019,0
619,1			018,7
619,5			018,8
619,9			019,2
620,4			019,0
620,8			020,2
621,2			019,6
621,7			020,8
622,1			021,2
622,5			021,0
623,0			020,3
623,4			021,0
623,8			020,2
624,3			021,5
624,7			020,9
625,1			021,0
625,6			020,8
626,0			022,0
626,4			021,5
626,8			021,5
627,3			022,3
627,7			023,5
628,1			022,4
628,6			022,3
629,0			022,8
629,4			022,2
629,9			023,1
630,3			023,9
630,7			024,2
631,2			024,2
631,6			024,0
632,0			027,7
632,5			023,7
632,9			023,8
633,3			024,9
633,8			026,0
634,2			025,3
634,6			025,8
635,0			024,9
635,5			026,1
635,9			026,4
636,3			027,8
636,8			025,2
637,2			028,2
637,6			026,8
638,1			026,7
638,5			025,2
638,9			025,6
639,4			026,7
639,8			028,3
640,2			027,6
640,7			027,6
641,1			026,8
641,5			027,5
641,9			026,5
642,4			026,7
642,8			026,5
643,2			028,1
643,7			026,9
644,1			027,8
644,5			026,4
645,0			028,0
645,4			026,0
645,8			027,5
646,3			027,1
646,7			028,5
647,1			026,3
647,5			027,7
648,0			028,0
648,4			027,4
648,8			028,6
649,3			030,8
649,7			027,8
650,1			029,6
650,6			028,9
651,0			030,2
651,4			027,2
651,9			028,3
652,3			027,7
652,7			028,7
653,1			028,6
653,6			030,5
654,0			029,4
654,4			031,0
654,9			028,4
655,3			029,7
655,7			030,0
656,2			030,3
656,6			028,3
657,0			029,6
657,5			031,0
657,9			032,0
658,3			030,9
658,7			031,2
659,2			030,9
659,6			032,9
660,0			030,7
660,5			033,1
660,9			033,7
661,3			033,6
661,8			032,4
662,2			033,9
662,6			033,3
663,0			033,7
663,5			032,8
663,9			034,3
664,3			033,7
664,8			034,4
665,2			034,2
665,6			033,8
666,1			034,0
666,5			034,8
666,9			035,1
667,3			035,0
667,8			033,8
668,2			035,6
668,6			035,4
669,1			035,1
669,5			034,0
669,9			036,5
670,4			036,5
670,8			036,8
671,2			036,5
671,6			037,6
672,1			035,7
672,5			037,9
672,9			036,6
673,4			038,4
673,8			036,5
674,2			037,0
674,7			037,3
675,1			036,5
675,5			035,9
675,9			038,8
676,4			038,0
676,8			038,1
677,2			037,3
677,7			037,6
678,1			037,2
678,5			037,7
679,0			037,6
679,4			037,6
679,8			037,4
680,2			037,4
680,7			036,9
681,1			039,3
681,5			040,2
682,0			039,9
682,4			038,8
682,8			040,4
683,2			040,5
683,7			040,4
684,1			039,3
684,5			039,0
685,0			039,1
685,4			038,9
685,8			039,8
686,3			041,6
686,7			040,4
687,1			040,4
687,5			040,8
688,0			041,7
688,4			041,3
688,8			041,7
689,3			042,0
689,7			041,9
690,1			040,7
690,5			041,5
691,0			041,7
691,4			042,9
691,8			042,5
692,3			042,6
692,7			042,6
693,1			042,5
693,6			041,7
694,0			043,5
694,4			042,9
694,8			043,2
695,3			044,3
695,7			044,2
696,1			043,6
696,6			043,1
697,0			043,6
697,4			043,9
697,8			042,6
698,3			044,0
698,7			044,3
699,1			046,0
699,6			045,1
700,0			045,2
700,4			044,2
700,8			045,9
701,3			045,2
701,7			046,5
702,1			045,0
702,6			045,3
703,0			045,2
703,4			045,8
703,8			045,5
704,3			045,7
704,7			044,7
705,1			045,9
705,6			044,8
706,0			045,4
706,4			045,0
706,8			047,5
707,3			046,1
707,7			046,9
708,1			046,4
708,6			047,0
709,0			045,5
709,4			045,4
709,8			045,2
710,3			046,6
710,7			045,5
711,1			045,4
711,6			044,6
712,0			045,4
712,4			045,1
712,8			044,6
713,3			044,3
713,7			044,7
714,1			044,9
714,6			043,4
715,0			043,8
715,4			043,2
715,8			043,6
716,3			043,1
716,7			042,8
717,1			043,8
717,6			042,3
718,0			040,5
718,4			041,6
718,8			040,9
719,3			040,5
719,7			041,0
720,1			041,0
720,6			042,0
721,0			041,4
721,4			039,6
721,8			039,0
722,3			038,6
722,7			037,8
723,1			037,9
723,6			037,9
724,0			037,8
724,4			036,8
724,8			037,7
725,3			037,0
725,7			036,6
726,1			036,1
726,5			036,3
727,0			036,1
727,4			036,6
727,8			036,2
728,3			036,0
728,7			035,4
729,1			035,1
729,5			035,0
730,0			035,7
730,4			035,0
730,8			035,9
731,3			035,1
731,7			034,4
732,1			034,8
732,5			034,5
733,0			035,3
733,4			035,9
733,8			034,7
734,2			035,3
734,7			035,1
735,1			035,9
735,5			034,8
736,0			035,7
736,4			037,2
736,8			036,0
737,2			036,2
737,7			036,7
738,1			037,1
738,5			038,2
738,9			037,5
739,4			037,6
739,8			036,9
740,2			038,5
740,7			038,8
741,1			039,1
741,5			038,9
741,9			038,6
742,4			037,0
742,8			039,2
743,2			039,5
743,7			040,0
744,1			040,0
744,5			040,3
744,9			040,7
745,4			040,4
745,8			041,5
746,2			043,1
746,6			042,4
747,1			042,4
747,5			042,0
747,9			041,6
748,3			042,7
748,8			044,1
749,2			043,6
749,6			043,6
750,1			044,1
750,5			043,6
750,9			044,0
751,3			045,6
751,8			044,7
752,2			045,6
752,6			045,8
753,0			044,5
753,5			045,3
753,9			045,8
754,3			046,8
754,8			046,8
755,2			045,8
755,6			045,9
756,0			047,3
756,5			046,6
756,9			046,4
757,3			045,8
757,7			044,6
758,2			047,1
758,6			046,8
759,0			045,4
759,4			047,1
759,9			048,0
760,3			047,1
760,7			047,1
761,2			046,9
761,6			046,4
762,0			046,4
762,4			046,1
762,9			046,1
763,3			046,3
763,7			046,6
764,1			047,2
764,6			046,9
765,0			045,6
765,4			045,1
765,8			046,5
766,3			045,9
766,7			046,5
767,1			046,5
767,6			046,2
768,0			046,8
768,4			046,6
768,8			045,5
769,3			046,1
769,7			045,5
770,1			046,2
770,5			045,6
771,0			045,3
771,4			045,6
771,8			046,2
772,2			045,7
772,7			044,5
773,1			045,6
773,5			045,8
773,9			046,3
774,4			045,8
774,8			046,4
775,2			045,5
775,7			045,3
776,1			045,9
776,5			045,2
776,9			044,8
777,4			045,5
777,8			045,0
778,2			045,9
778,6			046,1
779,1			045,3
779,5			047,0
779,9			045,8
780,3			045,5
780,8			045,8
781,2			045,5
781,6			045,0
782,0			045,7
782,5			047,0
782,9			046,9
783,3			046,8
783,7			046,3
784,2			046,6
784,6			046,0
785,0			046,1
785,4			047,2
785,9			047,1
786,3			046,6
786,7			047,2
787,1			047,4
787,6			047,5
788,0			047,1
788,4			047,7
788,9			047,0
789,3			047,7
789,7			048,3
790,1			048,2
790,6			047,6
791,0			047,4
791,4			048,2
791,8			048,0
792,3			047,4
792,7			048,2
793,1			049,1
793,5			049,3
794,0			049,0
794,4			048,6
794,8			048,5
795,2			048,9
795,7			048,0
796,1			047,7
796,5			049,5
796,9			048,6
797,4			049,3
797,8			049,2
798,2			048,7
798,6			048,5
799,1			049,5
799,5			050,1
799,9			050,2
800,3			049,4
800,8			049,1
801,2			050,2
801,6			049,9
802,0			049,5
802,5			050,4
802,9			047,9
803,3			049,8
803,7			049,9
804,2			049,4
804,6			049,2
805,0			050,6
805,4			051,2
805,9			051,1
806,3			050,8
806,7			050,3
807,1			050,1
807,6			050,6
808,0			051,4
808,4			052,1
808,8			050,4
809,3			051,3
809,7			051,4
810,1			051,2
810,5			051,7
811,0			052,1
811,4			051,9
811,8			052,4
812,2			051,0
812,7			052,5
813,1			053,0
813,5			051,9
813,9			051,1
814,4			051,4
814,8			052,4
815,2			053,5
815,6			054,2
816,1			052,7
816,5			051,5
816,9			052,7
817,3			052,8
817,8			053,3
818,2			052,8
818,6			054,1
819,0			054,0
819,5			053,8
819,9			053,5
820,3			054,5
820,7			054,6
821,2			055,1
821,6			054,0
822,0			054,1
822,4			054,3
822,8			054,2
823,3			055,4
823,7			055,0
824,1			055,1
824,5			054,5
825,0			055,4
825,4			054,3
825,8			054,3
826,2			054,7
826,7			054,2
827,1			054,6
827,5			054,2
827,9			053,6
828,4			053,8
828,8			054,7
829,2			054,6
829,6			054,2
830,1			053,5
830,5			055,6
830,9			053,5
831,3			053,9
831,8			054,1
832,2			054,1
832,6			053,9
833,0			053,6
833,5			052,5
833,9			052,4
834,3			053,2
834,7			053,2
835,1			052,7
835,6			051,3
836,0			051,0
836,4			053,1
836,8			050,8
837,3			051,9
837,7			051,8
838,1			051,5
838,5			048,7
839,0			049,9
839,4			050,4
839,8			050,5
840,2			049,6
840,7			048,7
841,1			048,5
841,5			047,8
841,9			047,1
842,4			049,0
842,8			048,9
843,2			047,7
843,6			046,2
844,0			046,9
844,5			046,6
844,9			046,7
845,3			046,2
845,7			046,5
846,2			045,8
846,6			044,2
847,0			045,4
847,4			044,0
847,9			043,9
848,3			044,0
848,7			043,0
849,1			042,3
849,5			042,4
850,0			042,5
850,4			042,4
850,8			041,9
851,2			039,5
851,7			040,1
852,1			040,3
852,5			039,6
852,9			038,9
853,4			039,3
853,8			038,4
854,2			039,1
854,6			037,8
855,1			036,9
855,5			037,5
855,9			036,8
856,3			034,6
856,7			033,5
857,2			033,1
857,6			034,6
858,0			033,1
858,4			032,1
858,9			031,2
859,3			029,8
859,7			030,7
860,1			031,3
860,6			029,9
861,0			027,6
861,4			027,1
861,8			027,4
862,2			027,5
862,7			026,7
863,1			025,7
863,5			025,4
863,9			023,2
864,4			024,1
864,8			023,5
865,2			021,4
865,6			020,9
866,0			020,8
866,5			019,9
866,9			019,3
867,3			018,3
867,7			018,6
868,2			017,2
868,6			016,2
869,0			015,6
869,4			015,6
869,9			014,0
870,3			014,1
870,7			013,0
871,1			012,5
871,5			011,8
872,0			011,5
872,4			010,5
872,8			009,6
873,2			009,0
873,7			008,7
874,1			006,6
874,5			007,0
874,9			006,1
875,3			004,7
875,8			004,0
876,2			003,2
876,6			002,5
877,0			002,2
877,5			000,6
877,9			000,3
878,3			000,1
878,7			000,1
879,1			000,1
879,6			000,1
880,0			000,2
880,4			000,1
880,8			000,0
881,3			000,1
881,7			000,0
882,1			000,0
882,5			000,0
882,9			000,0
883,4			000,0
883,8			000,0
884,2			000,0
884,6			000,0
885,1			000,0
885,5			000,0
885,9			000,0
886,3			000,0
886,7			000,0
887,2			000,0
887,6			000,0
888,0			000,0
888,4			000,0
888,9			000,0
889,3			000,0
889,7			000,0
890,1			000,0
890,5			000,0
891,0			000,0
891,4			000,0
891,8			000,0
892,2			000,0
892,6			000,0
893,1			000,0
893,5			000,0
893,9			000,0
894,3			000,0
894,8			000,0
895,2			000,0
895,6			000,0
896,0			000,0
896,4			000,0
896,9			000,5
897,3			000,0
897,7			000,0
898,1			000,0
898,6			000,0
899,0			000,0
899,4			000,1
899,8			000,0
900,2			000,0
900,7			000,0
901,1			000,7
901,5			000,0
901,9			000,0
902,3			000,1
902,8			000,0
903,2			000,0
903,6			000,0
904,0			000,0
904,4			000,0
904,9			000,0
905,3			000,0
905,7			000,5
906,1			000,0
906,6			000,0
907,0			000,0
907,4			000,0
907,8			000,1
908,2			000,1
908,7			000,0
909,1			000,0
909,5			000,2
909,9			000,1
910,3			000,0
910,8			000,0
911,2			001,1
911,6			000,1
912,0			000,0
912,5			000,0
912,9			000,0
913,3			000,0
913,7			000,1
914,1			000,1
914,6			000,2
915,0			000,3
915,4			000,1
915,8			000,2
916,2			000,6
916,7			000,3
